Precision: 0.8158956845700093
Recall: 0.8331616073551558
F1 Score: 0.8244382573232423
